-0.07393074811437018	1.6174849033724286
-0.07208247941151093	1.6394849033724288
-0.07023421070865167	1.66148490337243
-0.0683859420057924	1.6834849033724306
-0.06653767330293314	1.7054849033724295
-0.0646894046000739	1.7274849033724302
-0.06284113589721464	1.749484903372431
-0.06099286719435537	1.7714849033724316
-0.05914459849149612	1.7934849033724323
-0.05729632978863686	1.815484903372433
-0.0554480610857776	1.8374849033724336
-0.05359979238291834	1.8594849033724343
-0.05175152368005908	1.8814849033724337
-0.04990325497719983	1.9034849033724344
-0.048054986274340565	1.925484903372435
-0.04620671757148131	1.9474849033724357
-0.04435844886862205	1.9694849033724364
-0.042510180165762794	1.991484903372437
-0.04066191146290354	2.013484903372438
-0.03881364276004427	2.0354849033724367
-0.036965374057185016	2.0574849033724374
-0.03511710535432576	2.079484903372438
-0.033268836651466495	2.101484903372439
-0.03142056794860724	2.12348490337244
-0.02957229924574798	2.1454849033724406
-0.027724030542888724	2.1674849033724413
-0.025875761840029467	2.189484903372442
-0.02402749313717021	2.211484903372441
-0.022179224434310953	2.2334849033724415
-0.020330955731451696	2.2554849033724422
