-5.409856222137023	0.3462072801542511
-5.438928067479124	0.35514562879503486
-5.467999912821232	0.3640839774358223
-5.49707175816333	0.3730223260766049
-5.526143603505435	0.3819606747173909
-5.555215448847543	0.39089902335817805
-5.584287294189643	0.3998373719989613
-5.61335913953175	0.4087757206397481
-5.642430984873852	0.41771406928053234
-5.671502830215957	0.42665241792131847
-5.700574675558061	0.4355907665621036
-5.729646520900164	0.4445291152028886
-5.758718366242267	0.45346746384367337
-5.7877902115843725	0.46240581248445967
-5.8168620569264755	0.47134416112524424
-5.8459339022685795	0.48028250976603004
-5.87108734465465	0.4874572185035659
-5.896779956561632	0.4961236328762483
-5.919502280558825	0.5041999099980397
-5.944594826616734	0.5151954697462767
-5.967000380886134	0.5255301143988254
-5.991280980109425	0.5388145243336051
-6.013146563923169	0.5514100824041633
-6.036405936509691	0.5669237268469942
-6.05750581518143	0.581760831323722
-6.079539046759621	0.5994249333741247
-6.099647087726723	0.6164619097035782
-6.120255384552756	0.6361788517056065
-6.139147240581598	0.6553515298888907
-6.15813966095887	0.6770053346376628
